((("std" .
   [1 0 0])
  ("cisp" .
   [0 0 0 1])
  ("printf" .
   [0 0 0 0 2 1])
  ("private" .
   [0 0 1 1 0 0 0])
  ("merge" .
   [0 0 0 0 1])
  ("return" .
   [0 0 0 4 0 0])
  ("else" .
   [0 0 1 0])
  ("find" .
   [0 0 0 4])
  ("flag" .
   [1 0 2 1])
  ("union" .
   [0 0 0 1 0])
  ("continue" .
   [0 0 0 1 1 0 0 0])
  ("true" .
   [0 0 0 2])
  ("showen" .
   [0 0 1 5 0 0])
  ("scanf" .
   [0 0 0 1 0])
  ("times" .
   [0 0 0 1 0])
  ("false" .
   [0 0 3 0 1])
  ("gender" .
   [0 0 4 2 0 0])
  ("memset" .
   [0 0 0 1 0 0])
  ("sizeof" .
   [0 0 1 1 0 0])
  ("num" .
   [0 0 1])
  ("bugs" .
   [0 0 6 2])))
